11001010 10110010 10000000 10100110 10000000 00000000 00000000 10001110 11000001 10010100 01000011 01001000 00101110 01011010 01000001 11100010 
10110101 01000001 11000011 10110101 00100011 11000101 01000110 11111000 11010001 00010000 00000000 11101111 00010110 11010001 10000110 00000000 
11111111 10110110 10001010 10110010 11110010 11000011 00001100 00110000 10111101 11000100 10001111 11111000 00001010 01110011 10111010 10101001 
00100011 10110110 11001001 01101111 00101100 10001101 10001111 10001110 00000000 01110000 00000001 00000111 00001100 10110111 00001001 10101100 
10011000 11010001 00010111 01011001 01010100 10110010 11101100 01100100 00100011 11111110 11100011 10101011 01010000 00110110 00000011 10100100 
10001111 11011110 01101110 01111010 01111001 10110111 11101110 01001100 01110000 11011101 01100011 00001001 01000001 00111001 11101010 10111001 
10010110 00111101 10110101 11000011 10101101 10001010 01011011 00011110 01001000 10001000 10101011 00101100 01111011 10111101 10011011 10101101 
01010000 01100110 01000111 01011011 00000010 01010000 00000001 00011111 11110000 11011111 00110110 11000011 01010011 10101110 10000110 01010110 
01010010 11100010 01010000 01010001 10011111 10101101 01010101 11011101 10100101 01010100 11000010 11100111 10110001 11111101 11001010 11010111 
01111010 01011111 10000100 00010101 01110110 10001101 10101101 01111110 10000110 01010100 00101001 10110111 11111111 11010110 10010010 10001100 
11011001 11000110 00010111 10101010 10011111 01010110 00101111 10111101 10101011 01100111 10001111 11100001 10111010 01101010 01010100 00111111 
01000101 00101100 01010011 11111110 10000010 01001110 10010101 01010111 00000101 01011011 10111011 10101001 10100011 11011110 10011010 10011101 
10110100 01011001 10100011 01001001 01101110 10100111 01011001 11000001 11101000 10111010 00001101 10101001 10110000 11011101 11000000 01100011 
00011011 01011110 00010001 01011010 10101101 10001100 11110100 00010110 10110111 10010011 00011111 01101011 01011101 01011001 00101000 10010110 
01001000 10001001 11000100 01000001 10000000 11111100 01000110 01100001 01100010 01100000 00101110 01100011 01000110 10001101 10000011 01110010 
01010111 10111100 11011101 11101111 00001100 01000110 00010011 00010110 00111001 01010000 10010100 01001100 00001000 01000001 11001100 01110000 
00110001 11010000 01011001 10010011 00100010 00001011 00111000 11100011 01101010 01100000 11011101 10001100 11101101 01110010 11110000 01111000 
01101111 00011110 01011110 11001100 10010111 10000111 11100011 10010111 10010011 11110011 01000100 01111111 10010110 11110100 01000100 11000110 
11010101 10001100 10100011 00010110 01000100 10100000 01000101 01100011 10101111 01010100 10010010 01011000 11100010 00011101 10001000 01100100 
00100010 00110001 01000001 01111011 10000111 01100001 01100110 00011101 10000000 01101000 11100010 00011110 01110001 01001001 00011000 00100000 
11000110 00000100 10100100 00111010 00110001 00010101 00100011 01000001 10001110 10010001 10011110 00110100 00000010 11011100 00110100 10110011 
10000001 10100101 00011010 01100100 00001011 00010110 01110011 01001101 00101100 11000011 00011001 01100111 01001001 01000010 01110011 10011001 
00000001 10011110 00101100 11011111 01100001 00000011 10011100 01100111 00000010 01000001 00010011 10000100 11010010 10011111 10000111 11011001 
10011110 11110111 11011111 11001000 11110111 10100000 00100001 00101000 10000010 01000000 00000000 00000000 11011101 11011101 11011101 11011101 
11011101 11011101 11011101 11011101 11011101 11011101 11011101 11011101 11011101 11011101 11011101 11011101 11011101 11011101 11011101 11011101 
11011101 11011101 11011101 11011101 11011101 11011101 11011101 11011101 11011101 11011101 11011101 11011101 11011101 11011101 11011101 11011101 
11011101 11011101 11011101 11011101 11011101 11011101 11011101 11011101 11011101 11011101 11011101 11011101 11011101 11011101 11011101 11011101 
11011101 11011101 11011101 11011101 11011101 11011101 11011101 11011101 11011101 11011101 11011101 11011101 11011101 11011101 11011101 11011101 
11011101 11011101 11011101 11011101 11011101 11011101 11011101 11011101 11011101 11011101 11011101 11011101 11011101 11011101 11011101 11011101 
11011101 11011101 11011101 11011101 11011101 11011101 11011101 11011101 11011101 11011101 11011101 11011101 11011101 11011101 11011101 11011101 
11011101 11011101 11011101 11011101 11011101 11011101 11011101 11011101 11011101 11011101 11011101 11011101 11011101 11011101 11011101 11011101 
11011101 11011101 11011101 11011101 11011101 11011101 11011101 11011101 11011101 11011101 11011101 11011101 11011101 11011101 11011101 11011101 
11011101 11011101 11011101 11011101 11011101 11011101 11011101 11011101 11011101 11011101 11011101 11011101 11011101 11011101 11011101 11011101 
11011101 11011101 11011101 11011101 11011101 11011101 11011101 11011101 11011101 11011101 11011101 11011101 11011101 11011101 11011101 11011101 
11011101 11011101 11011101 11011101 11011101 11011101 11011101 11011101 11011101 11011101 11011101 11011101 11011101 11011101 11011101 11011101 
11011101 11011101 11011101 11011101 11011101 11011101 11011101 11011101 11011101 11011101 11011101 11011101 11011101 11011101 11011101 11011101 
11011101 11011101 11011101 11011101 11011101 11011101 11011101 11011101 11011101 11011101 11011101 11011101 11011101 11011101 11011101 11011101 
11011101 11011101 11011101 11011101 11011101 11011101 11011101 11011101 11011101 11011101 11011101 11011101 11011101 11011101 11011101 11011101 
11011101 11011101 11011101 11011101 11011101 11011101 11011101 11011101 11011101 11011101 11011101 11011101 11011101 11011101 11011101 11011101 
11011101 11011101 11011101 11011101 11011101 11011101 11011101 11011101 11011101 11011101 11011101 11011101 11011101 11011101 11011101 11011101 

