11001010 10110010 10000000 10100110 10000000 00000000 00000000 10011010 01111110 01100000 01010011 00110001 11000111 01100101 00110010 01011000 
00010100 10001010 01111100 01001001 10010100 00101111 00001001 11111000 11010001 00010000 00000000 00000000 10010110 11010001 10000110 00000000 
11111111 10110110 10001010 10110010 11110010 11000011 00001100 00110000 10111101 11000100 10001111 11111000 00001010 01110011 10111010 10101010 
11100011 10110010 11001011 01101111 00101100 10001101 10001111 10001110 00000000 01110000 00000001 00000111 00001100 10110111 00001001 10101101 
10011000 11010001 00010111 01011001 01010100 10110010 11101100 01100100 00100011 11111110 11100011 10101011 01010000 00110110 00000011 10100100 
10001111 11011110 01101110 01111010 01111001 10110111 11101110 01101100 01101111 11011101 01100010 11001101 00111001 10111001 11101010 10111001 
01110110 00111001 10010101 10111111 10101101 01101010 10100101 01101110 00110100 00000110 01010101 10010110 00111001 10111110 11001100 11010110 
10100111 10101111 00100011 01101101 01111001 10100111 00010001 10000111 11111000 01101111 10011011 00011111 10101001 10110111 00111111 00101010 
11101000 01101001 10100111 10001000 10100111 11101011 01010101 01110111 01101001 01010101 00001111 10111001 11001011 01110111 01110010 10110101 
11011110 10010111 11100000 11110101 01011101 10100011 01101011 00011101 10100001 01110101 00010010 01101101 11111111 11110101 10100110 10011111 
00110110 01110010 10000101 11001010 10100011 11010101 01110100 11110111 10110010 10010101 11111000 11111110 00011011 10100110 10100101 00111111 
11110100 01010101 00100100 10011111 11110100 00010011 01110100 10101010 10110111 10101010 11011101 11011101 01001100 00101110 11110100 11010100 
11011101 10100100 11001101 00101010 01001011 01110101 00110110 11001110 00001111 01000101 11001111 01100101 01001100 01111110 11101110 00000011 
00010110 11001010 11110000 10001010 11010101 01101100 01011111 10100001 00110101 10111100 10010110 11101011 01011000 11011010 11001101 00111010 
00100011 10000000 11011100 01000100 00000000 10011111 10001000 11001100 00101100 01001100 00000101 11001100 00010000 10100111 01100001 01011100 
10010101 11101111 00110111 01111011 11000011 00010001 11001000 11001010 01001011 00101010 00011010 01111001 00000101 00101001 00111000 00011100 
01000000 01100100 10010010 00100000 10010100 00100011 01000001 01100011 01101010 00011110 11001101 10001011 11101101 01101101 00111000 00111100 
00110111 10001111 00101111 01100110 01001011 11000011 11110001 11001011 11001001 11111001 10100010 00111111 11001011 01111010 00000011 01100011 
01100101 00100101 00101000 00100010 10001110 01010100 10010000 10101100 01101101 11101010 10010001 10100010 00011000 00001011 01100010 00000010 
01010011 00001001 00100000 10111001 10100101 10110000 10110011 00010110 11000000 00001000 01100000 00101110 01110001 01000111 00001000 10100100 
00000000 01100101 10010100 01111010 00110001 01000101 00101001 01010000 01100011 10100000 10100111 10010101 00000010 01100010 10011000 00010001 
00110000 10000010 00001010 10011001 00100100 11000101 10011000 00100100 01000100 10000101 00011100 01010011 01001011 00010000 11001100 01110000 
01001000 11100111 10000011 00110111 11011000 01000100 11100111 00101001 11000011 00101000 10100110 01100001 10010001 00000111 11100001 11110110 
01100111 10111101 11110111 11110010 10010100 00100000 00111111 11101000 10000010 01000000 00000000 00000000 11011101 11011101 11011101 11011101 
11011101 11011101 11011101 11011101 11011101 11011101 11011101 11011101 11011101 11011101 11011101 11011101 11011101 11011101 11011101 11011101 
11011101 11011101 11011101 11011101 11011101 11011101 11011101 11011101 11011101 11011101 11011101 11011101 11011101 11011101 11011101 11011101 
11011101 11011101 11011101 11011101 11011101 11011101 11011101 11011101 11011101 11011101 11011101 11011101 11011101 11011101 11011101 11011101 
11011101 11011101 11011101 11011101 11011101 11011101 11011101 11011101 11011101 11011101 11011101 11011101 11011101 11011101 11011101 11011101 
11011101 11011101 11011101 11011101 11011101 11011101 11011101 11011101 11011101 11011101 11011101 11011101 11011101 11011101 11011101 11011101 
11011101 11011101 11011101 11011101 11011101 11011101 11011101 11011101 11011101 11011101 11011101 11011101 11011101 11011101 11011101 11011101 
11011101 11011101 11011101 11011101 11011101 11011101 11011101 11011101 11011101 11011101 11011101 11011101 11011101 11011101 11011101 11011101 
11011101 11011101 11011101 11011101 11011101 11011101 11011101 11011101 11011101 11011101 11011101 11011101 11011101 11011101 11011101 11011101 
11011101 11011101 11011101 11011101 11011101 11011101 11011101 11011101 11011101 11011101 11011101 11011101 11011101 11011101 11011101 11011101 
11011101 11011101 11011101 11011101 11011101 11011101 11011101 11011101 11011101 11011101 11011101 11011101 11011101 11011101 11011101 11011101 
11011101 11011101 11011101 11011101 11011101 11011101 11011101 11011101 11011101 11011101 11011101 11011101 11011101 11011101 11011101 11011101 
11011101 11011101 11011101 11011101 11011101 11011101 11011101 11011101 11011101 11011101 11011101 11011101 11011101 11011101 11011101 11011101 
11011101 11011101 11011101 11011101 11011101 11011101 11011101 11011101 11011101 11011101 11011101 11011101 11011101 11011101 11011101 11011101 
11011101 11011101 11011101 11011101 11011101 11011101 11011101 11011101 11011101 11011101 11011101 11011101 11011101 11011101 11011101 11011101 
11011101 11011101 11011101 11011101 11011101 11011101 11011101 11011101 11011101 11011101 11011101 11011101 11011101 11011101 11011101 11011101 
11011101 11011101 11011101 11011101 11011101 11011101 11011101 11011101 11011101 11011101 11011101 11011101 11011101 11011101 11011101 11011101 

