11001010 10110010 10000000 10100110 10000000 00000000 00000000 11100000 01111111 10011111 00101010 11000001 10111001 11010000 00101000 01100100 
11000100 00010010 11101111 10101110 10010100 01011101 11100000 11111000 11010001 00010000 00000000 10101000 10010110 11010001 10000110 00000000 
11111111 10110110 10001010 10110010 11110010 11000011 00001100 00110000 10111101 11000100 10001111 11111000 00001010 01110011 10111010 10101011 
00100011 10110110 11001001 01101111 00101100 10001101 10001111 10001110 00000000 01110000 00010000 10000011 10000110 01011011 10000100 11010110 
01001100 01101000 10001011 10101100 10101010 01001001 01110110 00110010 00010001 11111111 01110001 11010101 10101000 01101101 10000000 11101001 
00100011 11110111 10011011 10011110 10011110 01101101 11111100 00010011 00011100 00110111 01011010 10110010 01010010 01001110 10011010 11101110 
01011101 10101110 01100101 10010000 11101101 01011010 01010100 10110111 00010010 00100010 00100110 11011011 01011100 11011111 01110110 01101011 
01001100 00010111 10010001 10101111 10000001 00101001 00000000 10001111 11111000 01101111 10100011 00100001 10101001 10110111 01000011 00101010 
11101010 01101001 00101001 10010000 01100111 11101011 01001101 10010111 01101001 01001101 01010000 10111001 11001011 01110111 10000010 01110101 
11011110 10010110 11111000 00100110 11101101 00011011 01011000 11101101 00001011 10101100 01010011 01101111 11111111 10011110 01001010 01110011 
01100111 00011000 01011100 10011010 10111101 10010110 10101111 00010110 00101001 01111110 01011100 00001101 11010011 01011010 01100001 11111010 
00101001 01000010 10011111 11110110 00010010 01110101 10100110 11001000 00100101 11111011 10111011 00011000 00111101 11101001 10101101 10111011 
01000101 10011010 00110100 10001111 11010100 11011011 01111000 10111101 00010111 01000001 10010101 10110010 00011011 10111000 10001100 01011011 
00101100 11000010 00100111 10100111 01100010 11111101 01000101 10101101 11100110 10110111 00111101 10001101 10110000 10010100 11001101 00101100 
01000100 11100100 00100000 10100000 01101110 01000011 00110000 10110001 00110000 00010111 01000001 01100011 00111110 11000001 10111001 00101100 
11011110 01101110 11110111 10000110 00100000 00010011 00010100 00111001 01010000 10010100 11001110 00000111 00111001 10001010 01100000 00101100 
11000111 00101100 11101000 10011100 11100111 00000001 11000110 11010101 01000001 10011011 00010111 11011110 11010101 01100000 11110000 11011110 
00111100 10111101 11011001 00101111 00001111 11001111 00111111 00110111 00001101 00010001 11111110 01011011 11010001 00010011 00011011 00010100 
00110010 10001011 00100100 10101000 00111000 10001010 11010110 11011110 10101001 00101100 11010001 11000100 00111011 00010000 10100111 00111100 
01100010 10000010 11100110 10001110 11000010 11001100 00111011 00000000 10110001 11000100 00111100 11100010 10010110 00110000 00111001 01001010 
00001000 01000000 01110101 01100010 10010001 00000011 01000001 10001110 10100001 10011110 00110100 00000111 10010010 10000010 11001101 01000000 
10110011 10000110 10011000 11100010 11000101 10100000 10110011 11001101 00111000 11000111 00100101 00001000 10010000 00101000 00110001 01001110 
00011001 11100010 11001101 11111000 00010000 00110001 10000110 01110000 00100000 00001111 01000000 01001111 00110001 10111000 11111101 10011001 
11101111 01111101 11111101 00000000 01010000 10011100 00111101 00000001 10000010 01000000 00000000 00000000 11011101 11011101 11011101 11011101 
11011101 11011101 11011101 11011101 11011101 11011101 11011101 11011101 11011101 11011101 11011101 11011101 11011101 11011101 11011101 11011101 
11011101 11011101 11011101 11011101 11011101 11011101 11011101 11011101 11011101 11011101 11011101 11011101 11011101 11011101 11011101 11011101 
11011101 11011101 11011101 11011101 11011101 11011101 11011101 11011101 11011101 11011101 11011101 11011101 11011101 11011101 11011101 11011101 
11011101 11011101 11011101 11011101 11011101 11011101 11011101 11011101 11011101 11011101 11011101 11011101 11011101 11011101 11011101 11011101 
11011101 11011101 11011101 11011101 11011101 11011101 11011101 11011101 11011101 11011101 11011101 11011101 11011101 11011101 11011101 11011101 
11011101 11011101 11011101 11011101 11011101 11011101 11011101 11011101 11011101 11011101 11011101 11011101 11011101 11011101 11011101 11011101 
11011101 11011101 11011101 11011101 11011101 11011101 11011101 11011101 11011101 11011101 11011101 11011101 11011101 11011101 11011101 11011101 
11011101 11011101 11011101 11011101 11011101 11011101 11011101 11011101 11011101 11011101 11011101 11011101 11011101 11011101 11011101 11011101 
11011101 11011101 11011101 11011101 11011101 11011101 11011101 11011101 11011101 11011101 11011101 11011101 11011101 11011101 11011101 11011101 
11011101 11011101 11011101 11011101 11011101 11011101 11011101 11011101 11011101 11011101 11011101 11011101 11011101 11011101 11011101 11011101 
11011101 11011101 11011101 11011101 11011101 11011101 11011101 11011101 11011101 11011101 11011101 11011101 11011101 11011101 11011101 11011101 
11011101 11011101 11011101 11011101 11011101 11011101 11011101 11011101 11011101 11011101 11011101 11011101 11011101 11011101 11011101 11011101 
11011101 11011101 11011101 11011101 11011101 11011101 11011101 11011101 11011101 11011101 11011101 11011101 11011101 11011101 11011101 11011101 
11011101 11011101 11011101 11011101 11011101 11011101 11011101 11011101 11011101 11011101 11011101 11011101 11011101 11011101 11011101 11011101 
11011101 11011101 11011101 11011101 11011101 11011101 11011101 11011101 11011101 11011101 11011101 11011101 11011101 11011101 11011101 11011101 
11011101 11011101 11011101 11011101 11011101 11011101 11011101 11011101 11011101 11011101 11011101 11011101 11011101 11011101 11011101 11011101 

